Time	Date	Comp Inlet Press	Comp Exit Press	Turb Inlet Press	Turb Exit Press	Noss Exit Press	Fuel Flow	RPM	Thrust	Comp Inlet	Comp Exit Temp	Turb Inlet Temp	Turb Exit Temp	EGT	
		PSIG	PSIG	PSIG	PSIG	PSIG	Gal/Hour	RPM	Lbs.	°C	°C	°C	°C	°C	
10:38:52	3/8/2016	-3.467100e-003	-1.703554e-001	-1.545367e-001	 4.764724e-002	 1.700526e-002	 9.261304e-003	-2.695900e+001	-1.876311e-001	 3.026043e+001	 3.040495e+001	 3.835287e+001	 4.988783e+001	 3.102561e+001	
10:38:54	3/8/2016	-3.480509e-003	-1.712090e-001	-1.534396e-001	 4.751921e-002	 1.702964e-002	 9.735346e-003	-2.728815e+001	-2.605988e-001	 3.028495e+001	 3.039598e+001	 3.832873e+001	 4.989068e+001	 3.071439e+001	
10:38:57	3/8/2016	-3.490262e-003	-1.694414e-001	-1.525253e-001	 4.758018e-002	 1.692605e-002	 9.515877e-003	-2.706872e+001	-2.605988e-001	 3.026653e+001	 3.033757e+001	 3.826702e+001	 4.983562e+001	 3.060390e+001	
10:39:00	3/8/2016	-3.492700e-003	-1.708433e-001	-1.529518e-001	 4.759848e-002	 1.698697e-002	 9.796715e-003	-2.706872e+001	-2.084790e-001	 3.028393e+001	 3.035123e+001	 3.827510e+001	 4.982001e+001	 3.061183e+001	
10:39:03	3/8/2016	-3.487824e-003	-1.705992e-001	-1.525253e-001	 4.763502e-002	 1.710284e-002	 9.691487e-003	-2.684929e+001	-2.084790e-001	 3.027922e+001	 3.033713e+001	 3.823877e+001	 4.979482e+001	 3.060075e+001	
10:39:06	3/8/2016	-3.485385e-003	-1.681006e-001	-1.523423e-001	 4.763502e-002	 1.716375e-002	 9.893361e-003	-2.717843e+001	-2.084790e-001	 3.024325e+001	 3.027750e+001	 3.819215e+001	 4.977616e+001	 3.058934e+001	
10:39:09	3/8/2016	-3.491481e-003	-1.712090e-001	-1.524031e-001	 4.806781e-002	 1.732218e-002	 1.007764e-002	-2.728815e+001	-2.293269e-001	 3.027229e+001	 3.031441e+001	 3.821494e+001	 4.978288e+001	 3.063154e+001	
10:39:11	3/8/2016	-3.503672e-003	-1.694414e-001	-1.509404e-001	 4.804337e-002	 1.741368e-002	 1.042877e-002	-2.695900e+001	-1.876311e-001	 3.026086e+001	 3.025842e+001	 3.815838e+001	 4.973200e+001	 3.059040e+001	
10:39:14	3/8/2016	-3.498796e-003	-1.709652e-001	-1.528299e-001	 4.778135e-002	 1.741368e-002	 1.030586e-002	-2.717843e+001	-2.189030e-001	 3.028659e+001	 3.026562e+001	 3.815623e+001	 4.974055e+001	 3.054202e+001	
10:39:17	3/8/2016	-3.501234e-003	-1.709041e-001	-1.514888e-001	 4.790318e-002	 1.768792e-002	 1.076222e-002	-2.717843e+001	-2.189030e-001	 3.019336e+001	 3.022724e+001	 3.810850e+001	 4.970055e+001	 3.054346e+001	
10:39:20	3/8/2016	-3.518301e-003	-1.701117e-001	-1.508182e-001	 4.801291e-002	 1.791954e-002	 1.089389e-002	-2.728815e+001	-1.980551e-001	 3.020588e+001	 3.023481e+001	 3.814414e+001	 4.972359e+001	 3.060223e+001	
10:39:23	3/8/2016	-3.514644e-003	-1.710871e-001	-1.470393e-001	 4.790318e-002	 1.798666e-002	 1.088513e-002	-2.728815e+001	-1.980551e-001	 3.017049e+001	 3.025787e+001	 3.810091e+001	 4.971869e+001	 3.060253e+001	
10:39:26	3/8/2016	-3.529273e-003	-1.729766e-001	-1.502699e-001	 4.789710e-002	 1.817560e-002	 1.132399e-002	-2.728815e+001	-1.980551e-001	 3.018974e+001	 3.024039e+001	 3.810541e+001	 4.971043e+001	 3.060878e+001	
10:39:28	3/8/2016	-3.520739e-003	-1.757193e-001	-1.498431e-001	 4.791540e-002	 1.809025e-002	 1.103439e-002	-2.684929e+001	-1.772072e-001	 3.015182e+001	 3.020271e+001	 3.804778e+001	 4.968096e+001	 3.063048e+001	
10:39:31	3/8/2016	-3.529273e-003	-1.727939e-001	-1.495993e-001	 4.792762e-002	 1.803541e-002	 1.134150e-002	-2.717843e+001	-2.293269e-001	 3.022036e+001	 3.021439e+001	 3.803928e+001	 4.966896e+001	 3.055596e+001	
10:39:34	3/8/2016	-3.534149e-003	-1.730376e-001	-1.485020e-001	 4.801905e-002	 1.802933e-002	 1.146441e-002	-2.717843e+001	-1.980551e-001	 3.018773e+001	 3.020373e+001	 3.802675e+001	 4.966199e+001	 3.055068e+001	
10:39:37	3/8/2016	-3.535368e-003	-1.720014e-001	-1.480752e-001	 4.839694e-002	 1.841331e-002	 1.170138e-002	-2.728815e+001	-1.980551e-001	 3.017296e+001	 3.017058e+001	 3.799356e+001	 4.962019e+001	 3.052843e+001	
10:39:40	3/8/2016	-3.547559e-003	-1.726717e-001	-1.476488e-001	 4.809827e-002	 1.853526e-002	 1.194712e-002	-2.684929e+001	-1.876311e-001	 3.018644e+001	 3.016059e+001	 3.798946e+001	 4.963461e+001	 3.053059e+001	
10:39:43	3/8/2016	-3.547559e-003	-1.729155e-001	-1.474658e-001	 4.842740e-002	 1.840723e-002	 1.190334e-002	-2.673957e+001	-1.876311e-001	 3.017580e+001	 3.012596e+001	 3.793815e+001	 4.958749e+001	 3.053034e+001	
10:39:45	3/8/2016	-3.554874e-003	-1.727328e-001	-1.492336e-001	 4.819578e-002	 1.847428e-002	 1.214024e-002	-2.717843e+001	-1.876311e-001	 3.017256e+001	 3.013344e+001	 3.792517e+001	 4.958163e+001	 3.055713e+001	
10:39:48	3/8/2016	-3.558531e-003	-1.712090e-001	-1.498431e-001	 4.813480e-002	 1.879126e-002	 1.216659e-002	-2.717843e+001	-1.980551e-001	 3.015214e+001	 3.012278e+001	 3.789860e+001	 4.954156e+001	 3.057212e+001	
10:39:51	3/8/2016	-3.565846e-003	-1.733422e-001	-1.494163e-001	 4.801905e-002	 1.893753e-002	 1.246502e-002	-2.728815e+001	-1.980551e-001	 3.017700e+001	 3.012143e+001	 3.788937e+001	 4.955183e+001	 3.052146e+001	
10:39:54	3/8/2016	-3.570722e-003	-1.737082e-001	-1.507574e-001	 4.797637e-002	 1.891923e-002	 1.235962e-002	-2.706872e+001	-1.980551e-001	 3.020133e+001	 3.013138e+001	 3.789044e+001	 4.955498e+001	 3.055062e+001	
10:39:57	3/8/2016	-3.565846e-003	-1.737690e-001	-1.508185e-001	 4.838473e-002	 1.859617e-002	 1.240356e-002	-2.728815e+001	-2.084790e-001	 3.016590e+001	 3.008807e+001	 3.784658e+001	 4.949130e+001	 3.051302e+001	
10:40:00	3/8/2016	-3.564627e-003	-1.752317e-001	-1.481974e-001	 4.832375e-002	 1.890707e-002	 1.236846e-002	-2.695900e+001	-2.189030e-001	 3.015500e+001	 3.008553e+001	 3.785240e+001	 4.949263e+001	 3.053373e+001	
10:40:02	3/8/2016	-3.558531e-003	-1.710871e-001	-1.491117e-001	 4.814088e-002	 1.904118e-002	 1.256149e-002	-2.706872e+001	-1.563593e-001	 3.018734e+001	 3.009701e+001	 3.786505e+001	 4.948816e+001	 3.057804e+001	
10:40:05	3/8/2016	-3.571941e-003	-1.712090e-001	-1.482582e-001	 4.829943e-002	 1.897407e-002	 1.242107e-002	-2.695900e+001	-1.980551e-001	 3.018473e+001	 3.010035e+001	 3.784315e+001	 4.947603e+001	 3.056252e+001	
