Time	Date	Comp Inlet Press	Comp Exit Press	Turb Inlet Press	Turb Exit Press	Noss Exit Press	Fuel Flow	RPM	Thrust	Comp Inlet	Comp Exit Temp	Turb Inlet Temp	Turb Exit Temp	EGT	
		PSIG	PSIG	PSIG	PSIG	PSIG	Gal/Hour	RPM	Lbs.	°C	°C	°C	°C	°C	
10:41:05	3/8/2016	-3.613416e-003	-1.742592e-001	-1.424390e-001	 4.836518e-002	 1.962912e-002	 1.343800e-002	-2.662996e+001	-8.339235e-002	 3.004422e+001	 2.987292e+001	 3.741678e+001	 4.900601e+001	 3.069612e+001	
10:41:07	3/8/2016	-3.632922e-003	-1.715165e-001	-1.417685e-001	 4.848099e-002	 1.952541e-002	 1.374527e-002	-2.641052e+001	-1.042404e-001	 3.002651e+001	 2.983700e+001	 3.736999e+001	 4.895819e+001	 3.036713e+001	
10:41:10	3/8/2016	-3.637798e-003	-1.716381e-001	-1.424390e-001	 4.857242e-002	 1.982415e-002	 1.353456e-002	-2.619109e+001	-1.146645e-001	 3.004630e+001	 2.986164e+001	 3.735178e+001	 4.892874e+001	 3.032010e+001	
10:41:13	3/8/2016	-3.625607e-003	-1.725525e-001	-1.432922e-001	 4.861510e-002	 1.972663e-002	 1.360477e-002	-2.630081e+001	-1.042404e-001	 2.998172e+001	 2.983980e+001	 3.733784e+001	 4.889384e+001	 3.024308e+001	
10:41:16	3/8/2016	-3.641456e-003	-1.712728e-001	-1.421341e-001	 4.881620e-002	 1.960468e-002	 1.375394e-002	-2.641052e+001	-8.339235e-002	 3.000450e+001	 2.985878e+001	 3.732549e+001	 4.889238e+001	 3.028732e+001	
10:41:19	3/8/2016	-3.641456e-003	-1.723695e-001	-1.462179e-001	 4.857850e-002	 1.952547e-002	 1.371883e-002	-2.652024e+001	-8.339235e-002	 2.998577e+001	 2.983597e+001	 3.733530e+001	 4.888718e+001	 3.028714e+001	
10:41:22	3/8/2016	-3.652427e-003	-1.702973e-001	-1.447552e-001	 4.841399e-002	 1.992166e-002	 1.358717e-002	-2.619109e+001	-1.250885e-001	 2.992783e+001	 2.982429e+001	 3.729100e+001	 4.877518e+001	 3.034087e+001	
10:41:24	3/8/2016	-3.651208e-003	-1.728573e-001	-1.427436e-001	 4.850537e-002	 2.003139e-002	 1.370133e-002	-2.652024e+001	-9.381639e-002	 2.993447e+001	 2.981620e+001	 3.727368e+001	 4.877613e+001	 3.034545e+001	
10:41:27	3/8/2016	-3.647551e-003	-1.713336e-001	-1.414025e-001	 4.877967e-002	 1.970828e-002	 1.390320e-002	-2.630081e+001	-9.381639e-002	 2.991167e+001	 2.979121e+001	 3.722448e+001	 4.872364e+001	 3.026984e+001	
10:41:30	3/8/2016	-3.648770e-003	-1.698098e-001	-1.406711e-001	 4.853582e-002	 1.972663e-002	 1.385050e-002	-2.652024e+001	-1.146645e-001	 2.991221e+001	 2.979543e+001	 3.721772e+001	 4.871157e+001	 3.022460e+001	
10:41:33	3/8/2016	-3.646332e-003	-1.704803e-001	-1.431093e-001	 4.834688e-002	 1.995218e-002	 1.378904e-002	-2.652024e+001	-8.339235e-002	 2.985854e+001	 2.975136e+001	 3.717773e+001	 4.866895e+001	 3.020564e+001	
10:41:36	3/8/2016	-3.669495e-003	-1.695660e-001	-1.431096e-001	 4.847491e-002	 1.995826e-002	 1.390320e-002	-2.641052e+001	-1.250885e-001	 2.988474e+001	 2.978341e+001	 3.719546e+001	 4.867229e+001	 3.026441e+001	
10:41:39	3/8/2016	-3.656085e-003	-1.692003e-001	-1.420122e-001	 4.868215e-002	 2.014112e-002	 1.396465e-002	-2.641052e+001	-1.146645e-001	 2.985617e+001	 2.976870e+001	 3.719094e+001	 4.826191e+001	 3.017390e+001	
10:41:41	3/8/2016	-2.493062e-003	-1.528043e-001	-1.254326e-001	 5.079103e-002	 2.166498e-002	 1.464924e-002	 1.816486e+003	-3.127213e-002	 2.961163e+001	 3.021477e+001	 3.719962e+001	 4.872900e+001	 3.111994e+001	
10:41:44	3/8/2016	-1.323944e-003	-8.008868e-002	-5.972326e-002	 6.061649e-002	 3.001583e-002	 1.717704e-002	 5.588405e+003	 4.169618e-002	 2.951096e+001	 3.043061e+001	 3.712486e+001	 4.710453e+001	 3.298965e+001	
10:41:47	3/8/2016	 7.595001e-004	 2.279818e-002	 3.305078e-002	 7.054555e-002	 3.914082e-002	 3.014575e-001	 8.695338e+003	 2.084809e-002	 2.869404e+001	 6.196761e+001	 3.662450e+001	 4.401407e+001	 3.390825e+001	
10:41:50	3/8/2016	-1.529972e-003	 2.364957e-001	 2.700430e-001	 7.836568e-002	 5.184990e-002	 3.941509e+000	 1.168948e+004	-2.189049e-001	 2.802133e+001	 3.214352e+001	 1.084099e+002	 1.273389e+002	 9.183763e+001	
10:41:53	3/8/2016	-2.483309e-003	 7.698852e-001	 8.275372e-001	 2.164886e-001	 1.210521e-001	 1.532432e+000	 1.726513e+004	 5.837465e-001	 2.745129e+001	 3.302634e+001	 4.141238e+002	 3.712005e+002	 2.451327e+002	
10:41:56	3/8/2016	 5.237259e-003	 2.022872e+000	 2.126731e+000	 5.032973e-001	 2.450162e-001	 1.519942e+000	 2.691068e+004	 1.542758e+000	 2.709309e+001	 3.868905e+001	 6.786151e+002	 6.045612e+002	 4.684295e+002	
10:41:58	3/8/2016	 6.721393e-002	 4.606194e+000	 4.679769e+000	 8.790287e-001	 4.800038e-001	 1.527842e+000	 3.827494e+004	 2.772796e+000	 2.641078e+001	 4.540624e+001	 7.416401e+002	 6.644408e+002	 5.220721e+002	
10:42:01	3/8/2016	 1.310790e-001	 6.153823e+000	 6.057656e+000	 1.049255e+000	 6.067657e-001	 1.544913e+000	 4.441979e+004	 3.314846e+000	 2.557423e+001	 5.468208e+001	 6.289336e+002	 5.819946e+002	 4.840668e+002	
10:42:04	3/8/2016	 1.362443e-001	 4.791427e+000	 4.466975e+000	 8.295357e-001	 5.091951e-001	 5.810685e-001	 4.022788e+004	 2.116081e+000	 2.489831e+001	 5.712870e+001	 5.090445e+002	 4.801934e+002	 4.043032e+002	
10:42:07	3/8/2016	 5.392085e-002	 1.317233e+000	 1.208932e+000	 2.751364e-001	 2.127345e-001	 4.588680e-002	 2.472339e+004	 7.192590e-001	 2.454254e+001	 5.181772e+001	 3.877519e+002	 3.541893e+002	 3.229004e+002	
10:42:10	3/8/2016	 2.122943e-002	 4.661012e-001	 4.511404e-001	 1.457479e-001	 1.039908e-001	 2.662108e-002	 1.634110e+004	 3.752656e-001	 2.440449e+001	 4.792946e+001	 3.137954e+002	 2.862725e+002	 2.848284e+002	
10:42:13	3/8/2016	 9.951524e-003	 1.713383e-001	 1.793420e-001	 1.011860e-001	 6.522346e-002	 2.196931e-002	 1.237916e+004	 2.293290e-001	 2.440672e+001	 4.532502e+001	 2.639878e+002	 2.482173e+002	 2.612066e+002	
10:42:15	3/8/2016	 4.443624e-003	 3.559828e-002	 5.280018e-002	 8.117557e-002	 4.736972e-002	 1.980140e-002	 9.651182e+003	 1.980568e-001	 2.449104e+001	 4.352103e+001	 2.280034e+002	 2.246556e+002	 2.432091e+002	
10:42:18	3/8/2016	 1.582393e-003	-3.711760e-002	-1.065433e-002	 7.078934e-002	 3.725725e-002	 1.830923e-002	 7.850855e+003	 2.084809e-001	 2.455530e+001	 4.215678e+001	 2.009342e+002	 2.089951e+002	 2.285876e+002	
10:42:21	3/8/2016	-1.572641e-004	-7.923543e-002	-5.222559e-002	 6.417000e-002	 3.209436e-002	 1.738767e-002	 6.677883e+003	 1.459366e-001	 2.462096e+001	 4.115759e+001	 1.801224e+002	 1.980459e+002	 2.164976e+002	
10:42:24	3/8/2016	-1.181309e-003	-1.070291e-001	-7.526636e-002	 6.036663e-002	 2.822983e-002	 1.661528e-002	 5.679250e+003	 1.146645e-001	 2.470884e+001	 4.035175e+001	 1.637561e+002	 1.902164e+002	 2.067076e+002	
10:42:27	3/8/2016	-1.837186e-003	-1.269606e-001	-9.385765e-002	 5.736166e-002	 2.607810e-002	 1.571131e-002	 4.876679e+003	 1.042404e-001	 2.479390e+001	 3.974111e+001	 1.506032e+002	 1.844831e+002	 1.982601e+002	
10:42:30	3/8/2016	-2.372371e-003	-1.392728e-001	-1.039761e-001	 5.542952e-002	 2.424335e-002	 1.542154e-002	 4.300342e+003	 1.250885e-001	 2.492761e+001	 3.924789e+001	 1.399931e+002	 1.803248e+002	 1.911272e+002	
10:42:32	3/8/2016	-2.692994e-003	-1.482329e-001	-1.129976e-001	 5.369234e-002	 2.366436e-002	 1.519341e-002	 3.748910e+003	 1.042404e-001	 2.506051e+001	 3.884554e+001	 1.312211e+002	 1.773162e+002	 1.850205e+002	
10:42:35	3/8/2016	-2.924624e-003	-1.588383e-001	-1.204950e-001	 5.274153e-002	 2.272558e-002	 1.495643e-002	 3.326724e+003	 1.042404e-001	 2.519687e+001	 3.854534e+001	 1.240228e+002	 1.751989e+002	 1.795689e+002	
10:42:38	3/8/2016	-3.113585e-003	-1.615202e-001	-1.276881e-001	 5.152249e-002	 2.218920e-002	 1.518465e-002	 2.927358e+003	 1.355126e-001	 2.528354e+001	 3.829324e+001	 1.181706e+002	 1.737367e+002	 1.748584e+002	
10:42:41	3/8/2016	-3.258657e-003	-1.623124e-001	-1.303089e-001	 5.093122e-002	 2.173197e-002	 1.493008e-002	 2.679620e+003	 9.381639e-002	 2.534880e+001	 3.806030e+001	 1.133950e+002	 1.727934e+002	 1.706743e+002	
10:42:44	3/8/2016	-3.380568e-003	-1.657259e-001	-1.316500e-001	 5.037659e-002	 2.117121e-002	 1.453508e-002	 2.345535e+003	 8.339235e-002	 2.544070e+001	 3.791399e+001	 1.094887e+002	 1.722599e+002	 1.670045e+002	
10:42:47	3/8/2016	-3.451276e-003	-1.682252e-001	-1.358557e-001	 4.993773e-002	 2.104324e-002	 1.469318e-002	 2.057861e+003	 7.296831e-002	 2.560924e+001	 3.780452e+001	 1.063895e+002	 1.720743e+002	 1.636450e+002	
10:42:49	3/8/2016	-3.535394e-003	-1.684079e-001	-1.353073e-001	 4.990727e-002	 2.089083e-002	 1.427176e-002	 1.835247e+003	 7.296831e-002	 2.570192e+001	 3.771132e+001	 1.039491e+002	 1.721546e+002	 1.605302e+002	
10:42:52	3/8/2016	-3.596349e-003	-1.717603e-001	-1.353681e-001	 4.970002e-002	 2.070796e-002	 1.421039e-002	 1.658276e+003	 7.296831e-002	 2.586715e+001	 3.766191e+001	 1.020089e+002	 1.725804e+002	 1.577381e+002	
10:42:55	3/8/2016	-3.617074e-003	-1.724306e-001	-1.365262e-001	 4.929161e-002	 2.061045e-002	 1.421039e-002	 1.458483e+003	 4.169618e-002	 2.599276e+001	 3.760185e+001	 1.004644e+002	 1.732441e+002	 1.551419e+002	
10:42:58	3/8/2016	-3.637798e-003	-1.752344e-001	-1.387206e-001	 4.904175e-002	 2.023864e-002	 1.408756e-002	 1.280963e+003	 9.381639e-002	 2.615519e+001	 3.752132e+001	 9.923609e+001	 1.741734e+002	 1.527589e+002	
10:43:01	3/8/2016	-3.653646e-003	-1.745638e-001	-1.433533e-001	 4.904175e-002	 2.061045e-002	 1.428060e-002	 1.105308e+003	 1.042404e-001	 2.630779e+001	 3.750822e+001	 9.802946e+001	 1.753238e+002	 1.504890e+002	
10:43:04	3/8/2016	-3.663399e-003	-1.701143e-001	-1.427436e-001	 4.895639e-002	 2.064705e-002	 1.426300e-002	 9.507185e+002	 7.296831e-002	 2.640231e+001	 3.750401e+001	 9.664384e+001	 1.766093e+002	 1.483245e+002	
10:43:06	3/8/2016	-3.690220e-003	-1.707849e-001	-1.395130e-001	 4.877967e-002	 2.065313e-002	 1.428944e-002	 8.180721e+002	 7.296831e-002	 2.643463e+001	 3.743771e+001	 9.505243e+001	 1.780563e+002	 1.463254e+002	
10:43:09	3/8/2016	-3.715821e-003	-1.733449e-001	-1.407933e-001	 4.852366e-002	 2.073848e-002	 1.378029e-002	 6.630436e+002	 6.254426e-002	 2.660389e+001	 3.749690e+001	 9.365843e+001	 1.798250e+002	 1.445352e+002	
10:43:12	3/8/2016	-3.712163e-003	-1.711506e-001	-1.426828e-001	 4.857850e-002	 2.054340e-002	 1.418404e-002	 5.285339e+002	 4.169618e-002	 2.671396e+001	 3.753503e+001	 9.258151e+001	 1.815769e+002	 1.428246e+002	
10:43:15	3/8/2016	-3.729231e-003	-1.697487e-001	-1.423168e-001	 4.876745e-002	 2.046418e-002	 1.426300e-002	 3.958886e+002	 4.169618e-002	 2.680841e+001	 3.754496e+001	 9.177367e+001	 1.834709e+002	 1.410544e+002	
10:43:18	3/8/2016	-3.717039e-003	-1.724917e-001	-1.448160e-001	 4.846883e-002	 2.054340e-002	 1.395590e-002	 2.631315e+002	 4.169618e-002	 2.698886e+001	 3.759225e+001	 9.131642e+001	 1.853039e+002	 1.392263e+002	
10:43:21	3/8/2016	-3.724355e-003	-1.703584e-001	-1.432312e-001	 4.852366e-002	 2.028131e-002	 1.378904e-002	 1.514400e+002	 2.084809e-002	 2.708674e+001	 3.758011e+001	 9.101871e+001	 1.869680e+002	 1.369622e+002	
10:43:23	3/8/2016	-3.735326e-003	-1.675546e-001	-1.426828e-001	 4.853582e-002	 2.048242e-002	 1.406997e-002	-2.575222e+001	 5.212022e-002	 2.726122e+001	 3.762001e+001	 9.112247e+001	 1.881356e+002	 1.347041e+002	
10:43:26	3/8/2016	-3.738984e-003	-1.702973e-001	-1.442066e-001	 4.882228e-002	 2.068973e-002	 1.417528e-002	-2.630081e+001	 4.169618e-002	 2.743274e+001	 3.765264e+001	 9.137399e+001	 1.887967e+002	 1.323096e+002	
10:43:29	3/8/2016	-3.730450e-003	-1.707849e-001	-1.429266e-001	 4.855412e-002	 2.043366e-002	 1.393830e-002	-2.619109e+001	 3.127213e-002	 2.761373e+001	 3.768134e+001	 9.162108e+001	 1.894583e+002	 1.299592e+002	
10:43:32	3/8/2016	-3.745079e-003	-1.733449e-001	-1.448771e-001	 4.854190e-002	 2.055562e-002	 1.387685e-002	-2.641052e+001	 2.084809e-002	 2.773034e+001	 3.770469e+001	 9.189037e+001	 1.899711e+002	 1.275087e+002	
10:43:35	3/8/2016	-3.741422e-003	-1.724306e-001	-1.420730e-001	 4.866385e-002	 2.065313e-002	 1.419279e-002	-2.619109e+001	 1.042404e-002	 2.790480e+001	 3.775405e+001	 9.223526e+001	 1.904566e+002	 1.252334e+002	
10:43:38	3/8/2016	-3.734107e-003	-1.729792e-001	-1.422560e-001	 4.835910e-002	 2.047026e-002	 1.418404e-002	-2.619109e+001	 3.127213e-002	 2.806751e+001	 3.779606e+001	 9.259534e+001	 1.908313e+002	 1.230785e+002	
10:43:40	3/8/2016	-3.729231e-003	-1.737106e-001	-1.428658e-001	 4.822499e-002	 2.062267e-002	 1.417528e-002	-2.597166e+001	-2.084809e-002	 2.821969e+001	 3.784668e+001	 9.292491e+001	 1.910724e+002	 1.207648e+002	
10:43:43	3/8/2016	-3.742641e-003	-1.752955e-001	-1.434141e-001	 4.829204e-002	 2.057999e-002	 1.391195e-002	-2.575222e+001	 2.084809e-002	 2.836878e+001	 3.790228e+001	 9.329447e+001	 1.912920e+002	 1.186793e+002	
10:43:46	3/8/2016	-3.729231e-003	-1.717603e-001	-1.424390e-001	 4.859066e-002	 2.080548e-002	 1.404362e-002	-2.619109e+001	 5.212022e-002	 2.865495e+001	 3.915023e+001	 9.368089e+001	 1.911441e+002	 1.170108e+002	
10:43:49	3/8/2016	-2.699090e-003	-1.372004e-001	-1.108032e-001	 5.415559e-002	 2.553558e-002	 1.536017e-002	 2.883472e+003	 1.563607e-001	 2.845242e+001	 4.031390e+001	 9.380966e+001	 1.866311e+002	 1.166479e+002	
10:43:52	3/8/2016	-4.937359e-004	-3.864139e-002	-2.162606e-002	 6.950331e-002	 3.778756e-002	 1.888859e-002	 7.027986e+003	 1.876328e-001	 2.825474e+001	 3.929072e+001	 9.123994e+001	 1.714437e+002	 1.161671e+002	
10:43:55	3/8/2016	-4.266855e-004	 1.175785e-001	 1.260066e-001	 7.880449e-002	 4.724169e-002	 2.216359e+000	 1.007128e+004	 6.254426e-002	 2.779423e+001	 3.972900e+001	 1.128688e+002	 1.704164e+002	 1.316728e+002	
10:43:57	3/8/2016	-1.199596e-003	 4.991978e-001	 5.390984e-001	 1.379948e-001	 8.703923e-002	 2.818641e+000	 1.466849e+004	 5.733224e-001	 2.736856e+001	 4.056744e+001	 3.010039e+002	 3.292835e+002	 2.352574e+002	
10:44:00	3/8/2016	 3.462248e-004	 1.464370e+000	 1.543270e+000	 3.778890e-001	 1.923633e-001	 1.545221e+000	 2.335863e+004	 1.198765e+000	 2.702351e+001	 4.461544e+001	 6.260035e+002	 5.843127e+002	 4.447216e+002	
10:44:03	3/8/2016	 4.518599e-002	 3.854719e+000	 3.967448e+000	 7.729604e-001	 4.098080e-001	 1.553550e+000	 3.498939e+004	 2.553891e+000	 2.658148e+001	 5.125392e+001	 7.454467e+002	 6.858287e+002	 5.532733e+002	
10:44:06	3/8/2016	 1.260929e-001	 6.261342e+000	 6.206386e+000	 1.086722e+000	 6.176646e-001	 1.569234e+000	 4.480391e+004	 3.554599e+000	 2.578739e+001	 6.591369e+001	 6.488916e+002	 6.204302e+002	 5.176671e+002	
10:44:09	3/8/2016	 1.510662e-001	 6.378491e+000	 6.240032e+000	 1.080889e+000	 6.077045e-001	 1.571016e+000	 4.551179e+004	 3.439934e+000	 2.515731e+001	 6.705794e+001	 5.681631e+002	 5.426940e+002	 4.848091e+002	
10:44:12	3/8/2016	 1.301171e-001	 5.421607e+000	 5.332534e+000	 9.432902e-001	 5.106764e-001	 1.563205e+000	 4.275233e+004	 2.918732e+000	 2.478427e+001	 6.771701e+001	 5.689338e+002	 5.064966e+002	 4.734720e+002	
10:44:15	3/8/2016	 1.178895e-001	 5.079790e+000	 5.002282e+000	 8.973324e-001	 4.749689e-001	 1.560773e+000	 4.149334e+004	 2.751948e+000	 2.457623e+001	 6.838133e+001	 5.885665e+002	 5.008386e+002	 4.738004e+002	
10:44:17	3/8/2016	 1.194329e-001	 5.065589e+000	 4.998136e+000	 8.879948e-001	 4.783885e-001	 1.559360e+000	 4.136015e+004	 2.751948e+000	 2.436493e+001	 6.942000e+001	 6.064999e+002	 5.055836e+002	 4.790848e+002	
10:44:20	3/8/2016	 1.210019e-001	 5.143667e+000	 5.089021e+000	 9.082794e-001	 4.882693e-001	 1.559747e+000	 4.163377e+004	 2.783220e+000	 2.422890e+001	 7.063030e+001	 6.131661e+002	 5.105866e+002	 4.837790e+002	
10:44:23	3/8/2016	 1.235401e-001	 5.216079e+000	 5.157168e+000	 8.998864e-001	 4.908538e-001	 1.560843e+000	 4.189292e+004	 2.793644e+000	 2.413023e+001	 7.188493e+001	 6.130453e+002	 5.140784e+002	 4.873353e+002	
10:44:26	3/8/2016	 1.232536e-001	 5.276299e+000	 5.211844e+000	 9.170139e-001	 4.992412e-001	 1.560931e+000	 4.213507e+004	 2.824916e+000	 2.407885e+001	 7.308453e+001	 6.118712e+002	 5.179937e+002	 4.903555e+002	
10:44:29	3/8/2016	 1.239046e-001	 5.321526e+000	 5.260973e+000	 9.139419e-001	 5.057695e-001	 1.560378e+000	 4.229076e+004	 2.835340e+000	 2.406653e+001	 7.414657e+001	 6.093091e+002	 5.199360e+002	 4.927407e+002	
10:44:32	3/8/2016	 1.289297e-001	 5.364983e+000	 5.279260e+000	 9.170077e-001	 5.090306e-001	 1.559861e+000	 4.242559e+004	 2.918732e+000	 2.399650e+001	 7.512665e+001	 6.077370e+002	 5.224078e+002	 4.943238e+002	
10:44:34	3/8/2016	 1.300988e-001	 5.382416e+000	 5.305898e+000	 9.466729e-001	 5.146445e-001	 1.560449e+000	 4.253948e+004	 2.950004e+000	 2.402615e+001	 7.598541e+001	 6.048569e+002	 5.228500e+002	 4.960316e+002	
10:44:37	3/8/2016	 1.310497e-001	 5.400763e+000	 5.336863e+000	 9.255959e-001	 5.176070e-001	 1.560370e+000	 4.260597e+004	 2.897884e+000	 2.401385e+001	 7.665598e+001	 6.021434e+002	 5.232606e+002	 4.969948e+002	
10:44:40	3/8/2016	 1.310887e-001	 5.412831e+000	 5.348139e+000	 9.477274e-001	 5.228857e-001	 1.561028e+000	 4.267268e+004	 2.918732e+000	 2.395143e+001	 7.739005e+001	 6.011670e+002	 5.240529e+002	 4.979251e+002	
10:44:43	3/8/2016	 1.301318e-001	 5.434165e+000	 5.356368e+000	 9.420042e-001	 5.196002e-001	 1.560458e+000	 4.269473e+004	 2.939580e+000	 2.394085e+001	 7.805243e+001	 5.987604e+002	 5.247001e+002	 4.994001e+002	
10:44:46	3/8/2016	 1.292357e-001	 5.437090e+000	 5.356612e+000	 9.473312e-001	 5.249033e-001	 1.560291e+000	 4.274235e+004	 2.939580e+000	 2.396510e+001	 7.867368e+001	 5.968947e+002	 5.254022e+002	 5.005198e+002	
10:44:49	3/8/2016	 1.300208e-001	 5.460739e+000	 5.383310e+000	 9.455028e-001	 5.248423e-001	 1.561423e+000	 4.280071e+004	 2.991701e+000	 2.391432e+001	 7.928209e+001	 5.958563e+002	 5.257921e+002	 5.014014e+002	
10:44:51	3/8/2016	 1.313374e-001	 5.458910e+000	 5.385871e+000	 9.419188e-001	 5.239584e-001	 1.560370e+000	 4.282759e+004	 2.981277e+000	 2.390379e+001	 7.977317e+001	 5.939972e+002	 5.253156e+002	 5.016547e+002	
10:44:54	3/8/2016	 1.303329e-001	 5.460618e+000	 5.387638e+000	 9.485564e-001	 5.258968e-001	 1.560633e+000	 4.280510e+004	 2.950004e+000	 2.396315e+001	 8.026944e+001	 5.935455e+002	 5.247096e+002	 5.022890e+002	
10:44:57	3/8/2016	 1.271388e-001	 5.457265e+000	 5.386662e+000	 9.330808e-001	 5.207095e-001	 1.560177e+000	 4.280488e+004	 2.991701e+000	 2.394643e+001	 8.072572e+001	 5.923405e+002	 5.246776e+002	 5.027673e+002	
10:45:00	3/8/2016	 1.278874e-001	 5.461836e+000	 5.388918e+000	 9.441496e-001	 5.276341e-001	 1.559834e+000	 4.282738e+004	 2.970853e+000	 2.395268e+001	 8.111364e+001	 5.922039e+002	 5.259465e+002	 5.036619e+002	
10:45:03	3/8/2016	 1.315142e-001	 5.483718e+000	 5.404035e+000	 9.365733e-001	 5.266100e-001	 1.559887e+000	 4.291625e+004	 2.991701e+000	 2.389822e+001	 8.149834e+001	 5.907363e+002	 5.268161e+002	 5.039813e+002	
10:45:06	3/8/2016	 1.286030e-001	 5.486340e+000	 5.405742e+000	 9.409802e-001	 5.297554e-001	 1.559299e+000	 4.293885e+004	 2.970853e+000	 2.394990e+001	 8.187986e+001	 5.893505e+002	 5.271243e+002	 5.043126e+002	
10:45:08	3/8/2016	 1.279325e-001	 5.479817e+000	 5.420737e+000	 9.518661e-001	 5.253726e-001	 1.559351e+000	 4.293896e+004	 2.981277e+000	 2.404136e+001	 8.233662e+001	 5.877634e+002	 5.272444e+002	 5.046970e+002	
10:45:11	3/8/2016	 1.299440e-001	 5.491886e+000	 5.433049e+000	 9.384079e-001	 5.291823e-001	 1.560168e+000	 4.302705e+004	 3.022973e+000	 2.411205e+001	 8.275209e+001	 5.881697e+002	 5.281746e+002	 5.049798e+002	
10:45:14	3/8/2016	 1.315081e-001	 5.491642e+000	 5.435305e+000	 9.340743e-001	 5.272927e-001	 1.559720e+000	 4.302717e+004	 3.022973e+000	 2.417240e+001	 8.314705e+001	 5.853630e+002	 5.278850e+002	 5.050223e+002	
10:45:17	3/8/2016	 1.303573e-001	 5.490666e+000	 5.425613e+000	 9.531583e-001	 5.239098e-001	 1.558843e+000	 4.302695e+004	 2.991701e+000	 2.420722e+001	 8.348241e+001	 5.842523e+002	 5.273608e+002	 5.050971e+002	
10:45:20	3/8/2016	 1.318043e-001	 5.510964e+000	 5.452921e+000	 9.473252e-001	 5.339551e-001	 1.558553e+000	 4.302739e+004	 3.012549e+000	 2.407540e+001	 8.375591e+001	 5.834418e+002	 5.278678e+002	 5.053951e+002	
10:45:23	3/8/2016	 1.315459e-001	 5.507734e+000	 5.434269e+000	 9.478067e-001	 5.271647e-001	 1.558096e+000	 4.307084e+004	 2.981277e+000	 2.407492e+001	 8.404449e+001	 5.822434e+002	 5.283692e+002	 5.053986e+002	
10:45:25	3/8/2016	 1.318787e-001	 5.500846e+000	 5.454872e+000	 9.301368e-001	 5.292494e-001	 1.558316e+000	 4.307084e+004	 3.002125e+000	 2.407606e+001	 8.430463e+001	 5.817955e+002	 5.286791e+002	 5.053309e+002	
10:45:28	3/8/2016	 1.285676e-001	 5.496945e+000	 5.436220e+000	 9.451675e-001	 5.295784e-001	 1.558263e+000	 4.304911e+004	 3.012549e+000	 2.415372e+001	 8.456472e+001	 5.819241e+002	 5.285647e+002	 5.053397e+002	
10:45:31	3/8/2016	 1.272193e-001	 5.496701e+000	 5.427503e+000	 9.371706e-001	 5.295298e-001	 1.558123e+000	 4.302739e+004	 3.064669e+000	 2.416860e+001	 8.468409e+001	 5.805258e+002	 5.281339e+002	 5.057493e+002	
10:45:34	3/8/2016	 1.289139e-001	 5.490301e+000	 5.425675e+000	 9.277658e-001	 5.294627e-001	 1.558254e+000	 4.302717e+004	 3.012549e+000	 2.416075e+001	 8.487021e+001	 5.805029e+002	 5.281500e+002	 5.057762e+002	
10:45:37	3/8/2016	 1.301842e-001	 5.501332e+000	 5.429392e+000	 9.339645e-001	 5.286460e-001	 1.558088e+000	 4.302728e+004	 3.043821e+000	 2.426146e+001	 8.511363e+001	 5.796742e+002	 5.291793e+002	 5.058921e+002	
10:45:40	3/8/2016	 1.281385e-001	 5.509195e+000	 5.438535e+000	 9.481115e-001	 5.287069e-001	 1.557263e+000	 4.307105e+004	 3.022973e+000	 2.420310e+001	 8.529416e+001	 5.793929e+002	 5.300183e+002	 5.058910e+002	
10:45:42	3/8/2016	 1.308583e-001	 5.515170e+000	 5.438535e+000	 9.465998e-001	 5.305965e-001	 1.556815e+000	 4.307073e+004	 2.960428e+000	 2.420379e+001	 8.549579e+001	 5.793334e+002	 5.292372e+002	 5.061175e+002	
10:45:45	3/8/2016	 1.312728e-001	 5.510659e+000	 5.432928e+000	 9.343059e-001	 5.289750e-001	 1.556876e+000	 4.307116e+004	 2.981277e+000	 2.420571e+001	 8.564780e+001	 5.788688e+002	 5.286941e+002	 5.059278e+002	
10:45:48	3/8/2016	 1.299708e-001	 5.502918e+000	 5.430062e+000	 9.419005e-001	 5.255067e-001	 1.556517e+000	 4.307094e+004	 3.012549e+000	 2.416770e+001	 8.573103e+001	 5.779660e+002	 5.284795e+002	 5.058985e+002	
10:45:51	3/8/2016	 1.294210e-001	 5.502064e+000	 5.445789e+000	 9.248462e-001	 5.291396e-001	 1.557113e+000	 4.307073e+004	 3.012549e+000	 2.413116e+001	 8.587488e+001	 5.780640e+002	 5.275599e+002	 5.061255e+002	
10:45:54	3/8/2016	 1.292881e-001	 5.510111e+000	 5.435183e+000	 9.403646e-001	 5.251715e-001	 1.557737e+000	 4.307073e+004	 2.970853e+000	 2.402899e+001	 8.599879e+001	 5.767928e+002	 5.270244e+002	 5.061551e+002	
10:45:57	3/8/2016	 1.317617e-001	 5.508770e+000	 5.438657e+000	 9.403341e-001	 5.294445e-001	 1.557342e+000	 4.307116e+004	 2.981277e+000	 2.402578e+001	 8.613246e+001	 5.762751e+002	 5.274202e+002	 5.057064e+002	
10:45:59	3/8/2016	 1.292857e-001	 5.507855e+000	 5.437803e+000	 9.293566e-001	 5.235745e-001	 1.556754e+000	 4.307061e+004	 2.981277e+000	 2.399856e+001	 8.621599e+001	 5.766725e+002	 5.271984e+002	 5.054860e+002	
10:46:02	3/8/2016	 1.289797e-001	 5.501637e+000	 5.403426e+000	 9.323127e-001	 5.255311e-001	 1.556789e+000	 4.307073e+004	 2.991701e+000	 2.408123e+001	 8.639338e+001	 5.773119e+002	 5.274276e+002	 5.057180e+002	
10:46:05	3/8/2016	 1.299452e-001	 5.515474e+000	 5.435671e+000	 9.308560e-001	 5.257688e-001	 1.557131e+000	 4.311505e+004	 3.022973e+000	 2.411881e+001	 8.645638e+001	 5.766481e+002	 5.270743e+002	 5.057949e+002	
10:46:08	3/8/2016	 1.299964e-001	 5.500968e+000	 5.425918e+000	 9.369085e-001	 5.289812e-001	 1.557289e+000	 4.307084e+004	 3.012549e+000	 2.410075e+001	 8.651132e+001	 5.767667e+002	 5.265796e+002	 5.058347e+002	
10:46:11	3/8/2016	 1.289139e-001	 5.498103e+000	 5.433293e+000	 9.360003e-001	 5.261712e-001	 1.556859e+000	 4.307094e+004	 3.012549e+000	 2.415928e+001	 8.655228e+001	 5.770354e+002	 5.261752e+002	 5.055942e+002	
10:46:14	3/8/2016	 1.290943e-001	 5.512915e+000	 5.450421e+000	 9.373596e-001	 5.306818e-001	 1.556841e+000	 4.309310e+004	 2.981277e+000	 2.416300e+001	 8.665715e+001	 5.757379e+002	 5.265989e+002	 5.058895e+002	
10:46:16	3/8/2016	 1.317531e-001	 5.518949e+000	 5.450239e+000	 9.463012e-001	 5.309987e-001	 1.557614e+000	 4.311549e+004	 3.002125e+000	 2.411256e+001	 8.676527e+001	 5.740514e+002	 5.270042e+002	 5.056811e+002	
10:46:19	3/8/2016	 1.319750e-001	 5.512304e+000	 5.448593e+000	 9.373474e-001	 5.229588e-001	 1.557535e+000	 4.312394e+004	 3.012549e+000	 2.407357e+001	 8.685917e+001	 5.743657e+002	 5.269086e+002	 5.054605e+002	
10:46:22	3/8/2016	 1.323810e-001	 5.524678e+000	 5.440853e+000	 9.255593e-001	 5.289629e-001	 1.556850e+000	 4.316036e+004	 3.022973e+000	 2.406566e+001	 8.689998e+001	 5.725117e+002	 5.265715e+002	 5.056153e+002	
10:46:25	3/8/2016	 1.307193e-001	 5.521691e+000	 5.442071e+000	 9.338975e-001	 5.243547e-001	 1.557210e+000	 4.316058e+004	 2.970853e+000	 2.404968e+001	 8.689336e+001	 5.708385e+002	 5.257156e+002	 5.056981e+002	
10:46:28	3/8/2016	 1.312143e-001	 5.512183e+000	 5.458713e+000	 9.256080e-001	 5.266404e-001	 1.557631e+000	 4.313809e+004	 3.002125e+000	 2.404712e+001	 8.697820e+001	 5.718409e+002	 5.258712e+002	 5.060018e+002	
10:46:31	3/8/2016	 1.334172e-001	 5.532297e+000	 5.469379e+000	 9.227555e-001	 5.330347e-001	 1.556991e+000	 4.318307e+004	 2.970853e+000	 2.410277e+001	 8.709576e+001	 5.729135e+002	 5.259752e+002	 5.057421e+002	
10:46:33	3/8/2016	 1.315837e-001	 5.525959e+000	 5.468585e+000	 9.294176e-001	 5.284874e-001	 1.557271e+000	 4.318285e+004	 2.981277e+000	 2.402689e+001	 8.711458e+001	 5.742261e+002	 5.259644e+002	 5.052234e+002	
10:46:36	3/8/2016	 1.313216e-001	 5.526811e+000	 5.457127e+000	 9.359028e-001	 5.296334e-001	 1.557736e+000	 4.316058e+004	 3.002125e+000	 2.404028e+001	 8.726466e+001	 5.741870e+002	 5.258915e+002	 5.054755e+002	
10:46:39	3/8/2016	 1.298355e-001	 5.524557e+000	 5.469623e+000	 9.253155e-001	 5.255921e-001	 1.558105e+000	 4.320534e+004	 2.981277e+000	 2.399654e+001	 8.732297e+001	 5.724588e+002	 5.250278e+002	 5.054464e+002	
10:46:42	3/8/2016	 1.308254e-001	 5.524312e+000	 5.454993e+000	 9.259920e-001	 5.271525e-001	 1.558096e+000	 4.320556e+004	 3.022973e+000	 2.397894e+001	 8.732539e+001	 5.711511e+002	 5.253353e+002	 5.050750e+002	
10:46:45	3/8/2016	 1.337281e-001	 5.544914e+000	 5.485532e+000	 9.371951e-001	 5.271952e-001	 1.558403e+000	 4.320568e+004	 3.012549e+000	 2.401195e+001	 8.730402e+001	 5.709219e+002	 5.257750e+002	 5.050250e+002	
10:46:48	3/8/2016	 1.327333e-001	 5.531931e+000	 5.454688e+000	 9.330320e-001	 5.304745e-001	 1.558579e+000	 4.320578e+004	 3.022973e+000	 2.405554e+001	 8.727277e+001	 5.703751e+002	 5.262889e+002	 5.052404e+002	
10:46:50	3/8/2016	 1.325102e-001	 5.528030e+000	 5.456090e+000	 9.320445e-001	 5.283473e-001	 1.558825e+000	 4.320556e+004	 3.012549e+000	 2.403856e+001	 8.727889e+001	 5.708636e+002	 5.269119e+002	 5.051489e+002	
10:46:53	3/8/2016	 1.305682e-001	 5.531199e+000	 5.465539e+000	 9.219692e-001	 5.273658e-001	 1.557684e+000	 4.320546e+004	 2.991701e+000	 2.409030e+001	 8.732248e+001	 5.708679e+002	 5.264965e+002	 5.052737e+002	
10:46:56	3/8/2016	 1.298635e-001	 5.534430e+000	 5.482179e+000	 9.311121e-001	 5.281217e-001	 1.558316e+000	 4.318307e+004	 2.991701e+000	 2.412819e+001	 8.736136e+001	 5.716794e+002	 5.268722e+002	 5.055776e+002	
